>> netTransfer.Layers(2).Weights

  3×3×3×64 single array

ans(:,:,1,1) =

   -0.0005   -0.0871   -0.0466
    0.0179   -0.0582   -0.0122
   -0.0067    0.0710    0.0601


ans(:,:,2,1) =

   -0.0411   -0.0898    0.0580
   -0.0664   -0.0914   -0.0878
   -0.0476    0.0674   -0.0127


ans(:,:,3,1) =

   -0.0297   -0.0205    0.0615
   -0.0671    0.0582   -0.0629
   -0.0246    0.0712   -0.0340


ans(:,:,1,2) =

   -0.0173    0.0089   -0.0471
    0.0911    0.0700    0.0999
   -0.0121    0.0905   -0.0329


ans(:,:,2,2) =

   -0.0493   -0.0849   -0.0084
    0.0738   -0.0908   -0.0636
    0.0359    0.0037    0.0356


ans(:,:,3,2) =

    0.0214   -0.0679    0.0628
    0.0762    0.0619   -0.0000
   -0.0084    0.0928    0.0416


ans(:,:,1,3) =

    0.0664    0.0791   -0.0194
    0.0490    0.0592   -0.0064
   -0.0771   -0.0557    0.0650


ans(:,:,2,3) =

    0.0821   -0.0212   -0.0755
    0.0551    0.0543   -0.0109
   -0.0373    0.0214    0.0795


ans(:,:,3,3) =

   -0.0537    0.0287    0.0199
    0.0200   -0.0893    0.0914
   -0.0606    0.0268    0.0798


ans(:,:,1,4) =

    0.0260   -0.0120    0.0468
   -0.0030   -0.0955   -0.0022
    0.0937    0.0702    0.0498


ans(:,:,2,4) =

    0.0547    0.0605    0.0059
   -0.0797   -0.0316   -0.0286
   -0.0166    0.0054   -0.0334


ans(:,:,3,4) =

    0.0535    0.0103    0.0763
    0.0941   -0.0308   -0.0526
    0.0237    0.0257    0.0546


ans(:,:,1,5) =

   -0.0111    0.0864    0.0576
   -0.0453    0.0863    0.0368
   -0.0531    0.0771    0.0257


ans(:,:,2,5) =

   -0.0620    0.0154   -0.0773
    0.0789   -0.0362    0.0362
   -0.0994   -0.0701   -0.0982


ans(:,:,3,5) =

    0.0558   -0.0667    0.0876
   -0.0660   -0.0893   -0.0147
   -0.0539   -0.0918   -0.1004


ans(:,:,1,6) =

    0.0423   -0.0203    0.0428
   -0.0108   -0.0443    0.0109
   -0.0513   -0.0177   -0.0860


ans(:,:,2,6) =

    0.0690    0.0734    0.0430
   -0.0003    0.0426    0.0108
    0.0916    0.0390    0.0740


ans(:,:,3,6) =

   -0.0021   -0.0962   -0.0266
   -0.0873   -0.0408   -0.0415
   -0.0561   -0.0947    0.0116


ans(:,:,1,7) =

   -0.0093   -0.0415   -0.0250
    0.0070   -0.0640   -0.0100
   -0.0835   -0.0533    0.0386


ans(:,:,2,7) =

   -0.0051   -0.0553    0.0248
   -0.0159    0.0867   -0.0830
   -0.0869    0.0837   -0.0566


ans(:,:,3,7) =

   -0.0751   -0.0543    0.0066
    0.0476    0.0940    0.0785
   -0.0804    0.0364    0.0274


ans(:,:,1,8) =

    0.0786   -0.0575   -0.0121
    0.0792   -0.0754   -0.0043
    0.0851   -0.0705   -0.0350


ans(:,:,2,8) =

   -0.0540    0.0520   -0.0757
   -0.0297   -0.0455    0.0271
   -0.0693    0.0306    0.0648


ans(:,:,3,8) =

    0.0980    0.0214   -0.0121
    0.0472    0.0505   -0.0303
   -0.0246    0.0525    0.0457


ans(:,:,1,9) =

   -0.0334   -0.0028    0.0815
    0.0534    0.0134   -0.0247
   -0.0271    0.0244    0.0706


ans(:,:,2,9) =

   -0.0541   -0.0831   -0.0800
    0.0646    0.0574   -0.0116
   -0.0560    0.0195   -0.0941


ans(:,:,3,9) =

   -0.0054   -0.0903   -0.0295
   -0.0524    0.0023    0.0919
    0.0763    0.0496   -0.0851


ans(:,:,1,10) =

   -0.0228   -0.0899   -0.0496
   -0.0442   -0.0489    0.0174
   -0.0603    0.0042   -0.0898


ans(:,:,2,10) =

    0.0099   -0.0353   -0.0925
    0.0864   -0.0485   -0.0751
   -0.0510    0.0473   -0.0451


ans(:,:,3,10) =

   -0.0173   -0.0328   -0.0206
   -0.0675    0.0091    0.0450
   -0.0107   -0.0100    0.0425


ans(:,:,1,11) =

   -0.0432   -0.0726   -0.0466
   -0.0100   -0.0311    0.0802
   -0.0888   -0.0733    0.0668


ans(:,:,2,11) =

    0.0786   -0.0517   -0.0219
   -0.0414    0.0927   -0.0009
    0.0629   -0.0529    0.0238


ans(:,:,3,11) =

    0.0475   -0.0172    0.0638
   -0.0223   -0.0937   -0.0489
    0.0108    0.0622    0.0093


ans(:,:,1,12) =

    0.0986   -0.0920   -0.0754
   -0.0146    0.0147    0.0459
   -0.0588    0.0708    0.0379


ans(:,:,2,12) =

   -0.0037    0.0783    0.0786
    0.0753    0.0996    0.0261
    0.0160    0.0626    0.0241


ans(:,:,3,12) =

   -0.0616   -0.0374   -0.0518
   -0.0480    0.0845   -0.0719
   -0.0109   -0.0095   -0.0087


ans(:,:,1,13) =

    0.0728    0.0262   -0.0873
    0.1010   -0.0282   -0.0298
   -0.0417    0.0605    0.0448


ans(:,:,2,13) =

   -0.0009   -0.0241   -0.0714
    0.0273    0.0032   -0.0260
    0.0807    0.0375    0.0487


ans(:,:,3,13) =

   -0.0103    0.0241    0.0307
   -0.0227   -0.0368    0.0375
   -0.0923    0.0149    0.0204


ans(:,:,1,14) =

    0.0263   -0.0927    0.0971
    0.0431    0.0201    0.0405
   -0.0521    0.0764   -0.0081


ans(:,:,2,14) =

   -0.0299   -0.0983    0.0890
   -0.0629    0.0482    0.0871
   -0.0605    0.0802   -0.0284


ans(:,:,3,14) =

    0.0810   -0.0572   -0.0970
    0.0453   -0.0554    0.0052
    0.0288   -0.0172   -0.0266


ans(:,:,1,15) =

    0.0525    0.0009    0.0755
    0.0632   -0.0365   -0.0610
    0.0624    0.0163   -0.0498


ans(:,:,2,15) =

    0.0477   -0.0017    0.0483
    0.0435   -0.0001    0.0755
   -0.0494    0.0295   -0.0178


ans(:,:,3,15) =

    0.0846    0.0443   -0.0804
    0.0050   -0.0555   -0.0087
    0.0238    0.0254   -0.0303


ans(:,:,1,16) =

    0.0492    0.0033   -0.0040
    0.0484    0.0752    0.0879
    0.0287    0.0659   -0.0931


ans(:,:,2,16) =

   -0.0717   -0.0772    0.0245
   -0.0998   -0.0516    0.0600
    0.0572   -0.0053   -0.0919


ans(:,:,3,16) =

    0.0068    0.0903   -0.0433
   -0.0252    0.0642    0.0746
    0.0065   -0.0111   -0.0487


ans(:,:,1,17) =

    0.0915   -0.0516    0.0989
    0.0238   -0.0917    0.0647
    0.0987    0.0178   -0.0284


ans(:,:,2,17) =

    0.0894   -0.0337   -0.0382
    0.1002   -0.0614   -0.0137
    0.0812   -0.0575    0.0523


ans(:,:,3,17) =

    0.0473    0.1011   -0.0317
    0.0842    0.0540    0.0956
   -0.0450    0.0797    0.0164


ans(:,:,1,18) =

    0.0112    0.0880   -0.0721
   -0.0653    0.0262    0.0526
    0.0713    0.0664   -0.0472


ans(:,:,2,18) =

    0.0512   -0.0889    0.0673
    0.0781    0.0069    0.0285
   -0.0410   -0.0932   -0.0865


ans(:,:,3,18) =

   -0.0363   -0.0612   -0.0674
    0.0073    0.0497   -0.0677
   -0.0242    0.0070   -0.0259


ans(:,:,1,19) =

   -0.0443    0.0071   -0.0215
    0.0326    0.0344   -0.0726
    0.0910   -0.0841    0.0455


ans(:,:,2,19) =

   -0.0432   -0.0985   -0.0673
    0.0378   -0.0577    0.0393
    0.0909   -0.0752   -0.0154


ans(:,:,3,19) =

    0.0631    0.0266   -0.0616
    0.0249   -0.0062   -0.0635
   -0.0382   -0.0959    0.0154


ans(:,:,1,20) =

    0.0514    0.0623    0.0933
    0.1012   -0.0127   -0.0390
    0.0296    0.0335   -0.0421


ans(:,:,2,20) =

    0.0380   -0.0401    0.0743
   -0.0932   -0.0183   -0.0658
    0.0656    0.0691    0.0097


ans(:,:,3,20) =

   -0.0443    0.0151   -0.0185
   -0.0539    0.0160   -0.0938
    0.0678   -0.0377   -0.0187


ans(:,:,1,21) =

   -0.0995    0.0505    0.0260
   -0.0382   -0.0935   -0.0828
    0.0440   -0.0229   -0.0869


ans(:,:,2,21) =

   -0.0231    0.0484   -0.0893
    0.0417    0.0561   -0.0161
   -0.0468   -0.0065   -0.0628


ans(:,:,3,21) =

    0.0397   -0.0474   -0.0297
    0.0249    0.0003   -0.0219
    0.0364    0.0549    0.0893


ans(:,:,1,22) =

    0.0947    0.0060    0.0068
   -0.0162   -0.0524    0.0255
    0.0980    0.0663    0.0201


ans(:,:,2,22) =

   -0.0422    0.0098    0.0790
    0.0657    0.0604   -0.0048
   -0.0109   -0.0280   -0.0596


ans(:,:,3,22) =

    0.0179    0.0266   -0.0620
    0.0673   -0.0728    0.0893
   -0.0701    0.0189    0.0874


ans(:,:,1,23) =

    0.0784   -0.0961    0.0105
   -0.0931   -0.0803    0.0837
    0.0147    0.0982    0.0441


ans(:,:,2,23) =

   -0.0017   -0.0164   -0.0508
    0.0050   -0.0496   -0.0244
   -0.0083   -0.0515    0.0921


ans(:,:,3,23) =

   -0.0625    0.0750   -0.0913
    0.0873   -0.0252    0.0979
   -0.0961    0.0663    0.0100


ans(:,:,1,24) =

    0.0892   -0.0342    0.0963
    0.0718   -0.0542    0.0710
   -0.0777   -0.0220   -0.0713


ans(:,:,2,24) =

   -0.0732   -0.0182    0.0984
   -0.0357    0.0348   -0.0908
   -0.0252    0.0829    0.0930


ans(:,:,3,24) =

    0.0892   -0.0978   -0.0209
   -0.0671   -0.0385   -0.0685
    0.0404    0.0152    0.0126


ans(:,:,1,25) =

   -0.0726    0.0726    0.0080
    0.0226   -0.0226    0.0500
   -0.0958    0.1009    0.0561


ans(:,:,2,25) =

    0.0915    0.0598    0.0541
    0.0553   -0.0541    0.0478
    0.0760    0.0603   -0.0031


ans(:,:,3,25) =

    0.1012    0.0815    0.0429
   -0.0935    0.0526    0.0673
    0.0380   -0.0300    0.0325


ans(:,:,1,26) =

   -0.0730   -0.0134   -0.0887
   -0.0745   -0.0167    0.0309
   -0.0876    0.0186   -0.0327


ans(:,:,2,26) =

    0.0793   -0.0906    0.0612
   -0.0190    0.0403    0.0577
   -0.0216    0.0047   -0.0876


ans(:,:,3,26) =

    0.0332   -0.0194   -0.0729
    0.0825    0.0506   -0.0731
   -0.0157   -0.0172    0.0939


ans(:,:,1,27) =

    0.0852    0.0150    0.0609
    0.0814    0.0919   -0.0478
   -0.0810   -0.0489   -0.0821


ans(:,:,2,27) =

   -0.0043    0.0281   -0.0549
    0.0258    0.0161    0.0292
    0.0493   -0.0339    0.0162


ans(:,:,3,27) =

   -0.0973    0.0664    0.0926
   -0.0846    0.0888   -0.0973
    0.0505    0.0543    0.0429


ans(:,:,1,28) =

    0.0113   -0.0271    0.0812
   -0.0062    0.0773    0.0393
   -0.0522   -0.0866    0.0337


ans(:,:,2,28) =

   -0.0684   -0.0088    0.0544
   -0.0963   -0.0383   -0.0141
   -0.0890   -0.0579    0.0042


ans(:,:,3,28) =

   -0.0435    0.0967   -0.0890
    0.0284   -0.0381    0.0627
   -0.0021    0.0645   -0.0713


ans(:,:,1,29) =

   -0.0236    0.0034    0.0928
    0.0483   -0.0165    0.0146
   -0.0122   -0.0476    0.0332


ans(:,:,2,29) =

    0.0795   -0.0010   -0.0495
   -0.0128    0.0355    0.0866
    0.0645   -0.0009   -0.0922


ans(:,:,3,29) =

    0.0477   -0.0621    0.1011
    0.0869    0.0173    0.0167
    0.0495   -0.0054    0.0647


ans(:,:,1,30) =

   -0.0584   -0.0905   -0.0844
   -0.0856   -0.0478    0.0485
    0.0892    0.0000   -0.0697


ans(:,:,2,30) =

    0.0016    0.0667   -0.0438
   -0.0891   -0.0635   -0.0221
   -0.0510   -0.0862   -0.0933


ans(:,:,3,30) =

   -0.0051   -0.0147    0.0496
    0.0511    0.0089    0.0094
    0.0864    0.0967   -0.0239


ans(:,:,1,31) =

    0.0850   -0.0096    0.0053
   -0.0670    0.0889    0.0801
   -0.0608   -0.0230   -0.0046


ans(:,:,2,31) =

   -0.0070    0.0771   -0.0896
    0.0309    0.0024   -0.0039
   -0.0608    0.0100   -0.0757


ans(:,:,3,31) =

    0.0366    0.0636    0.0582
    0.0935    0.0701    0.0437
    0.0772    0.0664    0.0286


ans(:,:,1,32) =

    0.0045    0.0403    0.0702
   -0.0651    0.0424   -0.0657
    0.0931    0.0640    0.0034


ans(:,:,2,32) =

    0.0915   -0.0551    0.0556
   -0.0447    0.0981    0.0343
    0.0825   -0.0278    0.0529


ans(:,:,3,32) =

    0.0126    0.0858    0.0233
    0.0384   -0.0630   -0.0219
    0.0208   -0.0158   -0.0205


ans(:,:,1,33) =

    0.0785   -0.0901    0.0177
   -0.0618    0.0044    0.0828
   -0.0104    0.0521    0.0156


ans(:,:,2,33) =

    0.0274    0.0931   -0.0416
    0.0939    0.0515   -0.0793
   -0.0125   -0.0608   -0.0671


ans(:,:,3,33) =

    0.0543    0.0927    0.0001
    0.0529    0.0925    0.0775
   -0.0171   -0.0612   -0.0138


ans(:,:,1,34) =

   -0.0084    0.0076   -0.0102
   -0.0737    0.0689    0.0197
   -0.0589   -0.0761    0.0469


ans(:,:,2,34) =

    0.0695   -0.0390    0.0629
   -0.0854    0.0604    0.0563
   -0.0814    0.1020    0.0719


ans(:,:,3,34) =

    0.0127   -0.0864    0.0038
    0.0422   -0.0865    0.0908
    0.0893    0.0905    0.0845


ans(:,:,1,35) =

   -0.0571    0.0108    0.0502
    0.0235    0.0970   -0.0474
    0.0490    0.0856    0.0894


ans(:,:,2,35) =

   -0.0863    0.0586    0.0633
   -0.0396   -0.0543    0.0317
   -0.0588    0.0030   -0.0721


ans(:,:,3,35) =

    0.0364    0.0612   -0.0951
    0.0328   -0.0680    0.0094
   -0.0528   -0.0650    0.0082


ans(:,:,1,36) =

   -0.0303    0.0659    0.0189
    0.0623    0.0507   -0.0198
    0.0461   -0.0626    0.0358


ans(:,:,2,36) =

   -0.0160    0.0351    0.0725
    0.0314   -0.0945    0.0501
    0.0663    0.0366    0.0811


ans(:,:,3,36) =

   -0.0550   -0.0287    0.0408
    0.0189    0.1001    0.0181
   -0.0259    0.0469   -0.0969


ans(:,:,1,37) =

   -0.0912    0.0261   -0.0081
   -0.0045   -0.0027    0.0259
   -0.0290   -0.0449    0.0153


ans(:,:,2,37) =

    0.0231   -0.0649   -0.0620
    0.0734   -0.0443   -0.0950
   -0.0041    0.0832    0.0553


ans(:,:,3,37) =

   -0.0706   -0.0643    0.0100
   -0.0331    0.0727   -0.0880
   -0.0482   -0.0285   -0.0337


ans(:,:,1,38) =

   -0.0524   -0.0192    0.0435
   -0.0463   -0.0360   -0.0952
    0.0383    0.0061   -0.0011


ans(:,:,2,38) =

    0.0414    0.0273   -0.0817
   -0.0035   -0.0176   -0.0326
    0.0799   -0.0833   -0.0922


ans(:,:,3,38) =

   -0.0918    0.0100   -0.0513
   -0.0963   -0.0161    0.0860
   -0.0170   -0.0011   -0.0775


ans(:,:,1,39) =

    0.0808   -0.0038    0.0124
    0.0946   -0.0791    0.0759
    0.0633   -0.0131    0.0444


ans(:,:,2,39) =

    0.0244   -0.0418   -0.0843
    0.0370    0.0744    0.0864
    0.0361   -0.0650   -0.0980


ans(:,:,3,39) =

    0.0226    0.0481   -0.0870
   -0.0611   -0.0589    0.0360
    0.0111    0.0639   -0.0406


ans(:,:,1,40) =

   -0.0061    0.0132   -0.0060
    0.0740   -0.0226    0.0395
    0.0364    0.0388   -0.0868


ans(:,:,2,40) =

   -0.0978   -0.0641   -0.0521
   -0.0700    0.0505   -0.0489
   -0.0971    0.0438   -0.0071


ans(:,:,3,40) =

   -0.0198    0.0974    0.0107
    0.0932   -0.0772   -0.0201
   -0.0776    0.0266   -0.0359


ans(:,:,1,41) =

    0.0358   -0.0765    0.0892
   -0.0644   -0.0570   -0.0627
   -0.0753    0.0862    0.0957


ans(:,:,2,41) =

    0.0860    0.0011    0.0118
    0.0569    0.0234   -0.0288
   -0.0327    0.0212   -0.0912


ans(:,:,3,41) =

    0.0824    0.0545   -0.0378
    0.0203   -0.0236    0.0634
   -0.0090    0.0385    0.0198


ans(:,:,1,42) =

    0.0638    0.0634   -0.0211
   -0.0695    0.0074    0.0553
    0.0306    0.0376    0.0857


ans(:,:,2,42) =

   -0.0492   -0.0771    0.0226
   -0.0672    0.0338   -0.0350
    0.0929    0.0488    0.0918


ans(:,:,3,42) =

    0.0859   -0.0071   -0.0118
    0.0057    0.0014    0.1034
    0.0055   -0.0052   -0.0336


ans(:,:,1,43) =

    0.0197    0.0731   -0.0160
   -0.0841    0.0281    0.0927
   -0.0082    0.0733    0.0045


ans(:,:,2,43) =

    0.0897    0.0772    0.0495
    0.0593    0.0314   -0.0855
    0.0150    0.0702    0.0561


ans(:,:,3,43) =

   -0.0586    0.0922   -0.0546
    0.0493    0.0056    0.0758
   -0.0519    0.0911   -0.0526


ans(:,:,1,44) =

   -0.1007   -0.0067   -0.0597
    0.0169    0.0401   -0.0823
   -0.0456    0.0164   -0.0309


ans(:,:,2,44) =

   -0.0330   -0.0321   -0.0014
   -0.0955    0.0433    0.0299
   -0.0998    0.0320    0.0577


ans(:,:,3,44) =

    0.0279    0.0920   -0.0967
    0.0409    0.0727   -0.0356
    0.0603   -0.0403   -0.0426


ans(:,:,1,45) =

    0.0893    0.0500    0.0231
    0.0088   -0.0541    0.0900
    0.0534    0.0718    0.0917


ans(:,:,2,45) =

   -0.0576   -0.0799   -0.0839
    0.0633   -0.0041   -0.0138
    0.0840   -0.0255   -0.0113


ans(:,:,3,45) =

    0.0256    0.0024   -0.0818
    0.0067    0.0606    0.0880
   -0.0351   -0.0149   -0.0909


ans(:,:,1,46) =

    0.0614    0.0862    0.0217
    0.0005   -0.0593   -0.0723
    0.0400    0.0356   -0.0339


ans(:,:,2,46) =

   -0.0008   -0.0186   -0.0578
   -0.0150    0.0270   -0.0595
    0.0885   -0.0039   -0.0710


ans(:,:,3,46) =

    0.0242   -0.0194    0.0070
   -0.0805    0.0586   -0.0429
    0.0758    0.0276   -0.0250


ans(:,:,1,47) =

    0.0796    0.0484    0.0654
   -0.0700   -0.0532    0.0045
   -0.0883   -0.0376    0.0514


ans(:,:,2,47) =

   -0.0651   -0.0532    0.0385
    0.0544   -0.0759    0.0248
    0.0441   -0.0625    0.0728


ans(:,:,3,47) =

   -0.0487   -0.0446   -0.0435
    0.0399   -0.0950    0.0218
   -0.0311   -0.0692   -0.0530


ans(:,:,1,48) =

    0.0132   -0.0759   -0.0035
    0.0011    0.0720    0.0326
   -0.0279   -0.0492   -0.0290


ans(:,:,2,48) =

   -0.0873    0.0236   -0.0593
    0.0640    0.0451    0.0781
    0.0368   -0.0176    0.0278


ans(:,:,3,48) =

    0.0402   -0.0702   -0.0758
   -0.0236    0.0140    0.0511
   -0.0425   -0.0126    0.0142


ans(:,:,1,49) =

    0.0760   -0.0256    0.0273
    0.0991    0.0128    0.0982
   -0.0427    0.0192   -0.0819


ans(:,:,2,49) =

    0.0691   -0.0322   -0.0007
    0.0867   -0.0469    0.0848
   -0.0335    0.0209   -0.0060


ans(:,:,3,49) =

    0.0744    0.0360    0.0690
    0.0338   -0.0401   -0.0090
   -0.0967    0.0443    0.0883


ans(:,:,1,50) =

   -0.0560    0.0466    0.0525
    0.0967    0.0734    0.0323
   -0.0575    0.0966   -0.0625


ans(:,:,2,50) =

    0.0945   -0.0672    0.0000
    0.0835   -0.0466   -0.0334
   -0.0873    0.0858    0.0461


ans(:,:,3,50) =

   -0.0255   -0.0441    0.0379
   -0.0348   -0.0940   -0.0482
   -0.0058   -0.0426   -0.0394


ans(:,:,1,51) =

   -0.0332    0.0507    0.0593
    0.0806   -0.0909   -0.0431
   -0.0287    0.0355    0.0395


ans(:,:,2,51) =

    0.0344    0.0836    0.0825
   -0.0935   -0.0125    0.0987
    0.0074   -0.0867   -0.0905


ans(:,:,3,51) =

   -0.0548    0.0585   -0.0718
    0.0455   -0.0385    0.0666
    0.0305    0.0468    0.0834


ans(:,:,1,52) =

   -0.0508    0.0098   -0.0326
   -0.0464    0.0224    0.0856
   -0.0524    0.0125    0.0331


ans(:,:,2,52) =

    0.0739   -0.0329    0.0245
    0.0377    0.0597    0.0216
    0.0512    0.0286   -0.0485


ans(:,:,3,52) =

   -0.0095   -0.0119    0.0952
    0.0137   -0.0242   -0.0404
   -0.0143    0.0331   -0.0790


ans(:,:,1,53) =

    0.0503   -0.0648   -0.0339
    0.0491    0.0887    0.0967
    0.0280    0.0087   -0.0620


ans(:,:,2,53) =

   -0.0708   -0.0854    0.0695
   -0.0632    0.0382    0.0721
   -0.0951    0.0776    0.0418


ans(:,:,3,53) =

   -0.0696   -0.0081    0.0615
   -0.0174    0.0465   -0.0249
   -0.0534   -0.0048   -0.0922


ans(:,:,1,54) =

    0.0884    0.0295    0.0882
   -0.0305   -0.0730   -0.0097
    0.0851    0.0995    0.0719


ans(:,:,2,54) =

    0.0938   -0.0353   -0.0340
   -0.0503    0.0972    0.0654
    0.0315   -0.0604   -0.0651


ans(:,:,3,54) =

   -0.0620    0.0331    0.0497
   -0.0093    0.0722    0.0320
    0.0168    0.0806   -0.0226


ans(:,:,1,55) =

   -0.0367    0.0226   -0.0423
    0.0545   -0.0107    0.0929
    0.0007   -0.0127   -0.0482


ans(:,:,2,55) =

   -0.0363   -0.0749    0.0132
    0.0906    0.0203    0.0851
    0.0843    0.0927    0.0763


ans(:,:,3,55) =

   -0.0905    0.0601    0.0433
    0.0451    0.0391    0.0311
   -0.0823   -0.0727   -0.0374


ans(:,:,1,56) =

   -0.0546    0.0750    0.0210
    0.0835    0.0087    0.0892
   -0.0949   -0.0778   -0.0238


ans(:,:,2,56) =

    0.0752    0.0534   -0.0116
    0.0110   -0.0917    0.0065
    0.0251   -0.0377   -0.0786


ans(:,:,3,56) =

    0.0687    0.0089    0.0227
   -0.0742   -0.0030   -0.0794
    0.0060   -0.0966   -0.0113


ans(:,:,1,57) =

   -0.0943    0.0398    0.0410
    0.0540   -0.0219   -0.0415
    0.0058    0.0144    0.0146


ans(:,:,2,57) =

   -0.0319    0.0322    0.0793
   -0.0419    0.0383   -0.0981
    0.0813    0.0730    0.0901


ans(:,:,3,57) =

   -0.0295   -0.0227   -0.0032
   -0.0461   -0.0992    0.0210
   -0.0672    0.0961    0.0755


ans(:,:,1,58) =

    0.0898    0.0243   -0.0387
   -0.0352    0.0817   -0.0948
   -0.0332   -0.0388    0.0181


ans(:,:,2,58) =

   -0.0644   -0.0436   -0.0777
   -0.0715    0.0688   -0.0181
   -0.1010   -0.0598    0.0476


ans(:,:,3,58) =

   -0.0352   -0.0773   -0.0566
   -0.0298    0.0888   -0.0733
    0.0407   -0.0062   -0.0771


ans(:,:,1,59) =

    0.0431    0.0113    0.0263
    0.0451    0.0957   -0.0946
    0.0246    0.0591    0.0566


ans(:,:,2,59) =

   -0.0820   -0.0187    0.0522
   -0.0518   -0.0782    0.0391
   -0.0061   -0.0010    0.0044


ans(:,:,3,59) =

   -0.0362    0.0699   -0.0472
   -0.0778   -0.0569    0.0847
    0.0249    0.0186   -0.0635


ans(:,:,1,60) =

   -0.0070    0.0051   -0.0418
   -0.1006   -0.0975    0.0858
    0.0171    0.0350    0.0546


ans(:,:,2,60) =

    0.0058   -0.0558   -0.0451
   -0.0555   -0.0694    0.0716
    0.0939   -0.0509   -0.0458


ans(:,:,3,60) =

   -0.0848   -0.0910    0.0285
    0.0760   -0.0640    0.0544
   -0.0971   -0.0106   -0.0563


ans(:,:,1,61) =

   -0.0941   -0.0012    0.0988
    0.0907    0.0516    0.0358
   -0.0022    0.0652   -0.0257


ans(:,:,2,61) =

    0.0768   -0.0160    0.0674
   -0.0103    0.0072   -0.0029
   -0.0297    0.0509    0.0776


ans(:,:,3,61) =

   -0.0455    0.0129    0.0927
    0.0648   -0.0762    0.0775
    0.0829   -0.0090    0.0528


ans(:,:,1,62) =

    0.0764   -0.0568    0.0072
    0.0785    0.0736    0.0774
   -0.0467   -0.0950    0.0034


ans(:,:,2,62) =

    0.0482   -0.0854    0.0866
   -0.0040    0.0549   -0.0604
   -0.0888    0.0594    0.0779


ans(:,:,3,62) =

    0.0719    0.0659    0.0349
   -0.0542   -0.0538    0.0882
   -0.0487   -0.0205   -0.0730


ans(:,:,1,63) =

   -0.0692   -0.0417   -0.0891
   -0.0954   -0.0234    0.0572
    0.0660    0.0236   -0.0803


ans(:,:,2,63) =

   -0.0217   -0.0970   -0.0314
   -0.0727    0.0855   -0.0573
    0.0349   -0.0713    0.0465


ans(:,:,3,63) =

    0.0130   -0.0474    0.0083
   -0.0511   -0.0320   -0.0550
    0.0226    0.0591    0.0731


ans(:,:,1,64) =

   -0.0815    0.0122   -0.0910
    0.0437    0.0048   -0.0144
   -0.0964    0.0864    0.0759


ans(:,:,2,64) =

    0.0820    0.0202    0.0686
   -0.0445    0.0812    0.0554
    0.0290   -0.0082   -0.0133


ans(:,:,3,64) =

   -0.0128   -0.0563   -0.0072
    0.0840    0.0971    0.0044
   -0.0401    0.0776   -0.0441